let transpose = arr => {
  let newArr = [...Array(arr[0].length)];

  newArr.forEach((_, rowIndex) => {
    newArr[rowIndex] = [];
  });

  arr.forEach((row) => {
    row.forEach((element, colIndex) => {
      newArr[colIndex].push(element);
    });
  });

  return newArr;
};

const matrix = [
  [1, 5, 8, 5],
  [4, 7, 2, 0],
  [3, 9, 6, 1]
];

transpose(matrix);  // [[1, 4, 3], [5, 7, 9], [8, 2, 6], [5, 0, 1]]
console.log(matrix);         // [[1, 5, 8, 5], [4, 7, 2, 0], [3, 9, 6, 1]]

transpose([[1, 2, 3, 4]]);            // [[1], [2], [3], [4]]
transpose([[1], [2], [3], [4]]);      // [[1, 2, 3, 4]]
transpose([[1]]);                     // [[1]]

transpose([[1, 2, 3, 4, 5], [4, 3, 2, 1, 0], [3, 7, 8, 6, 2]]);
// [[1, 4, 3], [2, 3, 7], [3, 2, 8], [4, 1, 6], [5, 0, 2]]